"[ 0.11398378  0.12233955  0.12924479  0.07181361  0.08813963  0.10139841
  0.07804579  0.10584961  0.09703599  0.09214886]"
"[ 0.13268648  0.11813322  0.14719674  0.05982173  0.08061436  0.09686157
  0.07235439  0.09948572  0.08654557  0.1063002 ]"
"[ 0.1132012   0.12390704  0.12895508  0.07261864  0.08825995  0.10073418
  0.07709571  0.10645761  0.09854039  0.0902302 ]"
"[ 0.12636819  0.12008018  0.14102322  0.06377485  0.08330323  0.09835272
  0.07383774  0.10183664  0.09036846  0.10105476]"
"[ 0.10964519  0.11063424  0.11812618  0.07642847  0.09381529  0.10531939
  0.08810119  0.10499396  0.091053    0.1018831 ]"
"[ 0.11744244  0.11192484  0.12657325  0.06984382  0.0897123   0.10440941
  0.08363126  0.10282768  0.08837892  0.10525609]"
"[ 0.09655832  0.11315232  0.10575731  0.08967704  0.09995738  0.10440475
  0.09100011  0.10979757  0.0995853   0.09010989]"
"[ 0.12333262  0.13610516  0.14458185  0.07317425  0.08209592  0.08164358
  0.06190337  0.10749672  0.10371824  0.08594827]"
"[ 0.12560072  0.13305652  0.15077413  0.06586864  0.07881614  0.0874393
  0.0657858   0.10447285  0.09934359  0.0888423 ]"
"[ 0.10578474  0.14894374  0.13486977  0.0814724   0.08333889  0.08255338
  0.06213059  0.11285643  0.12067207  0.067378  ]"
"[ 0.10303094  0.11825668  0.11402274  0.08261716  0.09586089  0.10361735
  0.08428367  0.1088861   0.10009548  0.08932898]"
"[ 0.10459404  0.10994746  0.11265485  0.08133403  0.09664798  0.10535135
  0.09064866  0.10648265  0.09315408  0.09918489]"
"[ 0.09709568  0.11867472  0.10911749  0.08794538  0.09771077  0.10358008
  0.08689998  0.11059493  0.10325059  0.08513037]"
"[ 0.12523559  0.12544595  0.14000744  0.06762356  0.08447552  0.09314476
  0.06901372  0.10426108  0.09544252  0.09534986]"
"[ 0.12322974  0.12637598  0.14072467  0.06698569  0.08359548  0.09470131
  0.07045359  0.10430836  0.09637505  0.09325012]"
"[ 0.12874975  0.12718067  0.14507332  0.06671364  0.08240364  0.08885946
  0.06608754  0.10384828  0.09533854  0.09574515]"
"[ 0.12368857  0.11375657  0.1343876   0.06505454  0.0860295   0.10265775
  0.07960354  0.1012138   0.08694601  0.10666211]"
"[ 0.10875435  0.11213834  0.11826939  0.07702574  0.09345355  0.10518046
  0.08763479  0.10554221  0.09210933  0.09989185]"
"[ 0.1059877   0.10910582  0.11318792  0.08029805  0.0965629   0.10551321
  0.0903871   0.10594137  0.09198737  0.10102856]"
"[ 0.11112933  0.13545894  0.13368646  0.07399507  0.08537339  0.0944722
  0.07011633  0.10887414  0.10780319  0.07909095]"
"[ 0.10559106  0.11340109  0.11551127  0.07992618  0.09492282  0.10489251
  0.08782374  0.10685625  0.09482302  0.09625205]"
"[ 0.09880465  0.10863115  0.10616253  0.08770787  0.10001209  0.10510219
  0.09384888  0.10808166  0.0951016   0.09654737]"
"[ 0.11372445  0.12375682  0.12954432  0.07212349  0.08801249  0.10071994
  0.07702934  0.10623966  0.09823221  0.09061727]"
"[ 0.13666568  0.12120746  0.15347503  0.05916281  0.07834772  0.09116337
  0.06798245  0.09936642  0.0874695   0.10515954]"
"[ 0.12289872  0.11489466  0.13429194  0.0655954   0.08607169  0.10238192
  0.07920381  0.10169511  0.08801677  0.10494996]"
"[ 0.13244062  0.13158922  0.15535118  0.06653702  0.07768858  0.08011847
  0.06194077  0.10367078  0.09617539  0.09448797]"
"[ 0.12178455  0.13166234  0.1441706   0.06748221  0.08159429  0.0916917
  0.06821657  0.10531241  0.100246    0.08783932]"
"[ 0.12123137  0.11595386  0.13235383  0.06725128  0.08719161  0.10211664
  0.07878231  0.10263424  0.08969754  0.10278731]"
"[ 0.11368834  0.12308276  0.1293917   0.0719781   0.08802423  0.10115401
  0.07767974  0.10605961  0.09767755  0.09126396]"
"[ 0.11719136  0.11372839  0.12712697  0.07007996  0.08954375  0.10384321
  0.08232133  0.10334213  0.0898545   0.10296839]"
"[ 0.14126732  0.11718525  0.1548132   0.05678314  0.07777058  0.0916796
  0.06812923  0.09735882  0.08323085  0.111782  ]"
"[ 0.11104945  0.10974779  0.1188854   0.07534753  0.09350689  0.1054298
  0.08802246  0.10439136  0.08981603  0.10380329]"
"[ 0.10600639  0.11354563  0.11555777  0.07974614  0.09512611  0.10477949
  0.08718779  0.10684949  0.09500226  0.09619893]"
"[ 0.13127421  0.11573998  0.14244647  0.06127273  0.0828641   0.09857096
  0.07397961  0.0997477   0.08575362  0.10835062]"
"[ 0.12646182  0.11697393  0.13888005  0.06364536  0.08423265  0.10010701
  0.07582325  0.10120129  0.08821178  0.10446287]"
"[ 0.11159696  0.11523153  0.12241989  0.07440533  0.09168895  0.10409629
  0.08381966  0.10535733  0.09342829  0.09795577]"
"[ 0.10803281  0.11976107  0.12139089  0.07690071  0.09183815  0.10321271
  0.0822501   0.10726082  0.09819543  0.09115731]"
"[ 0.11555429  0.12139144  0.12923357  0.07149255  0.08853684  0.10101605
  0.07734876  0.10550712  0.09599339  0.09392599]"
"[ 0.10692607  0.10891588  0.11420181  0.07937003  0.09585324  0.10563644
  0.0903358   0.10556137  0.09107877  0.10212058]"
"[ 0.10288471  0.13191129  0.12216544  0.08024958  0.09025452  0.09938012
  0.07578699  0.11074684  0.10916856  0.07745195]"
"[ 0.12254566  0.14257042  0.14883419  0.07880972  0.07875052  0.07257556
  0.05777838  0.10947122  0.10561642  0.08304793]"
"[ 0.11812832  0.11324362  0.12839385  0.06911534  0.08854995  0.10412837
  0.08269066  0.10280383  0.08846861  0.10447745]"
"[ 0.11487701  0.13250844  0.13667356  0.07109307  0.08434277  0.09523114
  0.07082868  0.10723731  0.10372728  0.08348076]"
"[ 0.10073432  0.13357749  0.12043851  0.08205659  0.09088297  0.0988288
  0.07523081  0.11165189  0.11181638  0.07478226]"
"[ 0.12798619  0.13288922  0.15134219  0.06736637  0.07915878  0.08345128
  0.06353278  0.10469781  0.09902351  0.09055185]"
"[ 0.1152202   0.13433825  0.13827284  0.0710971   0.08358456  0.09352411
  0.0694128   0.10745785  0.1049148   0.08217748]"
"[ 0.11768755  0.11710075  0.13043155  0.06905962  0.08773541  0.10279578
  0.08022188  0.10366687  0.09170529  0.09959531]"
"[ 0.10884381  0.1121758   0.11811587  0.07700217  0.09380835  0.10503509
  0.08729323  0.10557722  0.09256628  0.09958216]"
"[ 0.12251618  0.12806829  0.14251746  0.06644884  0.08242386  0.09455451
  0.07036758  0.10440141  0.0974178   0.09128407]"
"[ 0.12312277  0.11922561  0.13688626  0.06572976  0.08503963  0.10013729
  0.07592906  0.10261329  0.09101829  0.10029804]"
"[ 0.10675015  0.11121523  0.11558601  0.07903232  0.09502521  0.10525296
  0.08894778  0.10603142  0.09281777  0.09934115]"
"[ 0.10809969  0.11277803  0.11773779  0.07759341  0.09394837  0.10493522
  0.08720819  0.10592647  0.09332336  0.09844946]"
"[ 0.12180707  0.12979735  0.14327032  0.06677934  0.08196174  0.09366725
  0.06968572  0.10481618  0.09885349  0.08936154]"
"[ 0.11106556  0.10812171  0.11814756  0.07541399  0.09383224  0.10573047
  0.08929694  0.10399807  0.08860551  0.10578795]"
"[ 0.11550413  0.11514522  0.12676396  0.07101003  0.08946058  0.10381587
  0.08244996  0.10402282  0.09127834  0.10054908]"
"[ 0.12476694  0.11348622  0.13543268  0.0643339   0.08536445  0.10261925
  0.07939398  0.10080085  0.08596345  0.10783828]"
"[ 0.11316419  0.11508721  0.12417024  0.07296266  0.09076694  0.10407583
  0.08340794  0.10477855  0.09246013  0.09912631]"
"[ 0.10932652  0.11213306  0.11790194  0.07700544  0.09409586  0.10497281
  0.08667168  0.10556899  0.09239596  0.09992773]"
"[ 0.11459815  0.11727229  0.12677954  0.07175578  0.08948015  0.10320282
  0.08119929  0.10478334  0.09323285  0.09769579]"
"[ 0.12187064  0.11510601  0.13251703  0.06683648  0.08703696  0.10235979
  0.07911451  0.10226067  0.08868158  0.10421633]"
"[ 0.09661228  0.10639432  0.10306589  0.0904331   0.10182654  0.10491453
  0.0964279   0.10826117  0.0948327   0.09723157]"
"[ 0.12518335  0.12526975  0.14332018  0.06493069  0.08227043  0.09520295
  0.07089404  0.10321875  0.09441475  0.09529511]"
"[ 0.13871608  0.12067441  0.15438138  0.05900712  0.07815965  0.08964671
  0.06688935  0.0990275   0.08657516  0.10692264]"
"[ 0.12701458  0.11747786  0.14081381  0.06268468  0.0831741   0.09998794
  0.07570568  0.10087803  0.08811088  0.10415243]"
"[ 0.10629023  0.11000448  0.11414364  0.07985793  0.09583952  0.10546923
  0.08980738  0.10599991  0.09213803  0.10044966]"
"[ 0.13106152  0.12127169  0.14798467  0.0608576   0.08023306  0.09551122
  0.07118884  0.10054299  0.08911725  0.10223117]"
"[ 0.12499199  0.13948611  0.15488844  0.07144075  0.07684681  0.07629997
  0.06065505  0.1067264   0.10395393  0.08471056]"
"[ 0.10771034  0.13837993  0.12978516  0.07800299  0.0870998   0.09251258
  0.06842572  0.11076335  0.11231943  0.07500069]"
"[ 0.11207963  0.10897964  0.11985841  0.07434031  0.09279462  0.10563304
  0.08842483  0.10381075  0.08847636  0.10560239]"
"[ 0.10227304  0.11740648  0.11424895  0.08251953  0.09528065  0.10406095
  0.08625332  0.10864448  0.09944976  0.08986285]"
"[ 0.10115231  0.1309517   0.11977209  0.08178091  0.09142308  0.10003071
  0.07703993  0.11111914  0.10962985  0.07710028]"
"[ 0.11985899  0.13943012  0.14349746  0.07533604  0.08195005  0.08070893
  0.06147875  0.10882256  0.10717032  0.08174678]"
"[ 0.11976153  0.12862965  0.13972109  0.0679748   0.08346442  0.0956774
  0.07126818  0.10524295  0.09890059  0.08935939]"
"[ 0.12348688  0.13783842  0.1446367   0.07494682  0.08084376  0.08095885
  0.06100334  0.10812872  0.10127765  0.08687886]"
"[ 0.12835848  0.13191497  0.15296371  0.06497462  0.0780226   0.0862164
  0.06512308  0.10370549  0.09720361  0.09151706]"
"[ 0.11736019  0.12242637  0.13229556  0.06983816  0.08701375  0.10020801
  0.0761483   0.10502556  0.0957593   0.09392481]"
"[ 0.13057142  0.11539808  0.14261479  0.06088612  0.08252328  0.09953051
  0.07509096  0.09955788  0.08551979  0.10830718]"
"[ 0.11301339  0.13978017  0.13941674  0.07314655  0.08262552  0.08959466
  0.06661347  0.10893718  0.10999522  0.07687709]"
"[ 0.12085599  0.11770635  0.13332552  0.06733391  0.08661686  0.10157278
  0.07793237  0.1030289   0.09087565  0.10075166]"
"[ 0.1096653   0.11562399  0.11948002  0.07686073  0.0933361   0.10397854
  0.08362497  0.10632409  0.09470126  0.096405  ]"
"[ 0.12930831  0.12557829  0.14552007  0.06521725  0.08207013  0.09070092
  0.06739042  0.10304074  0.09381192  0.09736194]"
"[ 0.13230347  0.13158672  0.15743478  0.06483345  0.07667572  0.08117582
  0.06283616  0.10307039  0.09613523  0.09394825]"
"[ 0.10517936  0.10780995  0.11210914  0.08102461  0.0970292   0.10564594
  0.09197112  0.1058338   0.09138631  0.10201056]"
"[ 0.09877448  0.10705212  0.1052297   0.08799874  0.10077901  0.10517151
  0.09488053  0.10776737  0.09427021  0.09807632]"
"[ 0.1099318   0.11120983  0.11781345  0.07664357  0.09427678  0.10510269
  0.08692356  0.10522695  0.09160587  0.10126552]"
"[ 0.11248969  0.11403581  0.12282256  0.07364616  0.09147125  0.10440034
  0.0843939   0.10479937  0.09210323  0.09983769]"
"[ 0.12391158  0.12628012  0.13999509  0.06772509  0.08424706  0.09365911
  0.06949083  0.10452178  0.09638444  0.0937849 ]"
"[ 0.11653051  0.12313238  0.13176673  0.07045053  0.08724021  0.1000511
  0.07598453  0.10541616  0.09667327  0.09275457]"
"[ 0.12720552  0.12256888  0.14381745  0.0634664   0.08210114  0.09626103
  0.07182207  0.10208283  0.09172155  0.09895312]"
"[ 0.13395733  0.11599779  0.14592098  0.0596415   0.08127356  0.09732142
  0.07269145  0.09894485  0.08478953  0.10946159]"
"[ 0.12562195  0.1144003   0.13684903  0.06375036  0.08495113  0.10185334
  0.07824757  0.10075861  0.08664783  0.10691986]"
"[ 0.12605689  0.11969087  0.14034803  0.06398414  0.08356136  0.09874671
  0.07423583  0.10186196  0.09014234  0.10137186]"
"[ 0.12738851  0.11795223  0.1407583   0.06301196  0.08338777  0.09924894
  0.07482563  0.10108333  0.08847686  0.10386647]"
"[ 0.12907467  0.11459036  0.14054109  0.06165771  0.0833797   0.1005792
  0.07640046  0.09979498  0.08551962  0.10846221]"
"[ 0.11295908  0.12373788  0.12905484  0.07244149  0.08812324  0.1010402
  0.07757114  0.10637411  0.09849043  0.09020759]"
"[ 0.13149739  0.11759094  0.14565684  0.0602604   0.0811909   0.09792245
  0.07338353  0.09964939  0.08655508  0.10629309]"
"[ 0.10832289  0.10978666  0.11632247  0.07777584  0.09468921  0.10551534
  0.08929247  0.10524253  0.0909894   0.1020632 ]"
"[ 0.10715195  0.1161601   0.11825452  0.07835991  0.09345815  0.10430418
  0.08504652  0.10695985  0.09584325  0.09446159]"
"[ 0.11521756  0.12159622  0.13035779  0.07077294  0.08762686  0.1015175
  0.07815662  0.10528543  0.09588568  0.0935834 ]"
"[ 0.11679455  0.11104466  0.12536988  0.07042636  0.09027691  0.10474531
  0.08453687  0.10284919  0.0880262   0.10593007]"
"[ 0.1100241   0.11150271  0.1190702   0.07594553  0.09328753  0.10516113
  0.08737842  0.10503378  0.09143162  0.10116497]"
"[ 0.09976686  0.11722723  0.11135572  0.08523231  0.09676212  0.10398507
  0.0871353   0.10945748  0.10076262  0.08831529]"
"[ 0.09911257  0.10638916  0.10554225  0.08761836  0.10040265  0.10529248
  0.09557913  0.10745133  0.09328936  0.09932272]"
"[ 0.1037479   0.11746244  0.11537755  0.08133202  0.09491463  0.10398429
  0.08533211  0.10828095  0.09887368  0.09069441]"
"[ 0.11863838  0.11312527  0.12813242  0.0691015   0.08905397  0.10380396
  0.0820387   0.10279657  0.08872825  0.10458097]"
"[ 0.12413542  0.12513642  0.14260483  0.06504081  0.08240337  0.0961862
  0.07176366  0.10331022  0.09455787  0.09486122]"
"[ 0.10807376  0.12156087  0.12234963  0.07673031  0.09126261  0.10265802
  0.08095438  0.10757073  0.0993655   0.08947418]"
"[ 0.10734502  0.12805163  0.1242851   0.07739445  0.09015901  0.09986349
  0.07619895  0.1090485   0.10460732  0.08304653]"
"[ 0.10766112  0.11400991  0.11790232  0.07788208  0.0938235   0.10470055
  0.08647409  0.10631989  0.09439745  0.0968291 ]"
"[ 0.11306537  0.11996638  0.12644379  0.0731254   0.08935973  0.10254295
  0.07994637  0.10583994  0.09531549  0.09439458]"
"[ 0.12787905  0.12960785  0.1504775   0.0642114   0.07926083  0.08930421
  0.06688014  0.10327331  0.0963615   0.09274421]"
"[ 0.1069404   0.15042372  0.13847732  0.08117245  0.08149684  0.07971709
  0.06103396  0.11267181  0.12073343  0.06733298]"
"[ 0.12692089  0.12174354  0.14315996  0.06335091  0.08231627  0.09713948
  0.07263383  0.10191962  0.09119653  0.09961896]"
"[ 0.10416513  0.11093461  0.11228639  0.08190066  0.09693813  0.10519084
  0.08976071  0.1069222   0.09416481  0.09773651]"
"[ 0.10929395  0.11507061  0.1200961   0.07632924  0.09273298  0.10437449
  0.08500663  0.10601948  0.0943378   0.09673873]"
"[ 0.11776579  0.11896576  0.13107656  0.06929236  0.08756232  0.10187133
  0.07858155  0.10414074  0.0931096   0.09763398]"
"[ 0.1291978   0.12934627  0.14963292  0.06550432  0.08005933  0.08714691
  0.06539791  0.10358974  0.0961873   0.0939375 ]"
"[ 0.13160451  0.11720088  0.14560612  0.06009757  0.08117454  0.09817608
  0.07364426  0.09950287  0.08621639  0.10677677]"
"[ 0.11076548  0.10838615  0.11791474  0.07570803  0.09396298  0.10569837
  0.08918704  0.10417025  0.08892878  0.10527818]"
"[ 0.10022772  0.1105648   0.10850087  0.0858303   0.09875932  0.10500116
  0.09181147  0.10803825  0.09586881  0.09539731]"
"[ 0.09769059  0.15890628  0.13257639  0.08972081  0.08186599  0.07394722
  0.05810903  0.11607463  0.13342326  0.05768581]"
"[ 0.10883299  0.11064426  0.11719494  0.07723582  0.0943401   0.10530613
  0.08834474  0.10528375  0.09152554  0.10129172]"
"[ 0.12888969  0.13490145  0.14101321  0.07810381  0.08329267  0.07766943
  0.05748251  0.1082402   0.09695918  0.09344786]"
"[ 0.11324931  0.11564052  0.12456308  0.07287623  0.09052014  0.10393712
  0.0830008   0.10486202  0.09269911  0.09865167]"
"[ 0.09882808  0.11845985  0.10822424  0.08792546  0.09927236  0.10324934
  0.08435529  0.11059094  0.1030265   0.08606795]"
"[ 0.11617837  0.12695521  0.13409689  0.0704573   0.08587926  0.09825486
  0.07378226  0.10608969  0.09923459  0.08907157]"
"[ 0.11215264  0.11139121  0.12094967  0.07422613  0.09238862  0.10508388
  0.0864173   0.10437885  0.09031485  0.10269684]"
"[ 0.13059865  0.1201885   0.14626685  0.06120265  0.08105012  0.096382
  0.07194593  0.10054864  0.08874535  0.10307132]"
"[ 0.12275365  0.1175569   0.13619403  0.06542685  0.08516857  0.10136386
  0.07763258  0.10218378  0.08986407  0.10185572]"
"[ 0.11730957  0.11927133  0.13117759  0.06934764  0.08738547  0.10198948
  0.07880806  0.10423317  0.0933907   0.09708699]"
"[ 0.12816436  0.12372279  0.14476867  0.06385107  0.0819642   0.09425626
  0.07010934  0.10235043  0.09247463  0.09833825]"
"[ 0.12798075  0.11559022  0.14057751  0.06204281  0.08322301  0.10065689
  0.07652639  0.10019567  0.08640069  0.10680606]"
"[ 0.11241059  0.1094971   0.12037746  0.07403568  0.09262848  0.1054768
  0.08780845  0.10384101  0.08883548  0.10508894]"
"[ 0.11301157  0.11113749  0.12176731  0.07345439  0.09197342  0.10508418
  0.08627591  0.10403175  0.08973753  0.10352644]"
"[ 0.12476878  0.11983002  0.13605596  0.06685543  0.08619317  0.09783984
  0.07319131  0.1030873   0.0916019   0.1005763 ]"
"[ 0.11625463  0.11154434  0.1254377   0.07062297  0.09022309  0.10466093
  0.08459311  0.10305523  0.08866841  0.10493959]"
"[ 0.11533946  0.12608244  0.13304655  0.07067988  0.08630488  0.09918355
  0.07493644  0.10606766  0.0990337   0.08932544]"
"[ 0.11376797  0.14588075  0.14550491  0.07586408  0.07964974  0.07973389
  0.06170092  0.11005243  0.1143564   0.0734889 ]"
"[ 0.11574367  0.11454362  0.12644861  0.07099944  0.0896794   0.1039107
  0.08263443  0.10388157  0.09081056  0.101348  ]"
"[ 0.10893381  0.1143174   0.11948635  0.07662512  0.09300064  0.1046
  0.08580968  0.1059488   0.0939391   0.09733911]"
"[ 0.09757877  0.10649747  0.10378265  0.08943315  0.10159262  0.10506283
  0.09573548  0.10802636  0.09452955  0.0977611 ]"
"[ 0.11773087  0.13470615  0.14059479  0.07073863  0.08294561  0.09091621
  0.06752046  0.10717955  0.10439389  0.08327384]"
"[ 0.11631283  0.1147467   0.12681346  0.07075011  0.08961311  0.10368099
  0.08202986  0.10382729  0.09080404  0.10142159]"
"[ 0.12028814  0.12126596  0.13497589  0.06769838  0.08585409  0.09996229
  0.07575932  0.10388394  0.09364296  0.09666903]"
"[ 0.10591402  0.15217321  0.13964688  0.08158955  0.08070591  0.07791661
  0.06046078  0.1129164   0.12315418  0.06552246]"
"[ 0.10408558  0.10800528  0.11106301  0.08218151  0.09751119  0.10560489
  0.09225748  0.10624507  0.09193587  0.10111012]"
"[ 0.11199823  0.11845706  0.12312491  0.07487921  0.09157221  0.10275692
  0.08048554  0.10621747  0.09562561  0.09488284]"
"[ 0.10970981  0.11547559  0.1197746   0.07653792  0.09317565  0.10408655
  0.08390081  0.10619138  0.09466644  0.09648123]"
"[ 0.11204985  0.12504688  0.12803368  0.07366387  0.08866283  0.10040108
  0.0766097   0.10707826  0.09993677  0.08851707]"
"[ 0.12025061  0.1228878   0.13416083  0.06909328  0.08660754  0.0982816
  0.07371569  0.10470236  0.09519659  0.0951037 ]"
"[ 0.12308098  0.11645557  0.13458122  0.06601319  0.08622014  0.10135313
  0.07756261  0.10219038  0.08932626  0.10321651]"
"[ 0.11030324  0.10999558  0.11857703  0.07596162  0.09326614  0.10557949
  0.08850721  0.10461981  0.0896699   0.10351998]"
"[ 0.10155264  0.12939881  0.11934052  0.0817322   0.09175085  0.10061562
  0.07796435  0.11081565  0.10812329  0.07870608]"
"[ 0.11525156  0.12177769  0.12898698  0.07181616  0.08867595  0.10084493
  0.07712071  0.10570964  0.09645239  0.09336399]"
"[ 0.11430464  0.11333072  0.12401198  0.07235863  0.0909909   0.10437255
  0.08393531  0.10414668  0.09082776  0.10172083]"
"[ 0.12089422  0.12238488  0.13690935  0.06693056  0.08486657  0.09935077
  0.07501433  0.10376537  0.09404021  0.09584373]"
"[ 0.12682317  0.12541349  0.1442477   0.06494875  0.08217383  0.09350524
  0.06950186  0.10312656  0.09419355  0.09606586]"
"[ 0.12088998  0.11077347  0.12945974  0.06726923  0.08821753  0.10428393
  0.08291435  0.10148306  0.08591952  0.1087892 ]"
"[ 0.12003945  0.11190148  0.12941996  0.06774792  0.08829517  0.10405709
  0.08257568  0.10196109  0.08717125  0.10683093]"
"[ 0.11119186  0.10972287  0.11926227  0.07505922  0.09327212  0.1054393
  0.08813315  0.10428392  0.08973124  0.10390403]"
"[ 0.09952406  0.1087839   0.10643732  0.08715281  0.10014874  0.10513335
  0.09299457  0.10798653  0.095133    0.09670573]"
"[ 0.11497961  0.14138277  0.13750045  0.07882669  0.0842255   0.08214932
  0.06171949  0.1106203   0.11085138  0.07774448]"
"[ 0.12329073  0.11443633  0.13454417  0.06522059  0.08595898  0.10250792
  0.079389    0.10144269  0.08759367  0.10561592]"
"[ 0.11282656  0.11614867  0.12329544  0.07387839  0.09150111  0.1035409
  0.0820882   0.10536286  0.09368459  0.09767329]"
"[ 0.12009883  0.12599612  0.13857003  0.06743977  0.08397123  0.09752763
  0.07303476  0.10461013  0.09677526  0.09197625]"
"[ 0.10914051  0.11650521  0.12072792  0.07641388  0.0921377   0.10417755
  0.08417706  0.10634178  0.09491293  0.09546546]"
"[ 0.13412566  0.11867532  0.14841031  0.05975688  0.08033114  0.09521341
  0.07091357  0.09945022  0.08664023  0.10648328]"
"[ 0.12809161  0.11737738  0.14166841  0.06220742  0.08287764  0.09951405
  0.07513282  0.10061054  0.08770452  0.1048156 ]"
"[ 0.12546535  0.13123683  0.14900095  0.06539318  0.07970648  0.08955456
  0.06701239  0.10414326  0.09843682  0.09005016]"
"[ 0.1210962   0.12686618  0.13954622  0.06745959  0.08376014  0.09605997
  0.07159854  0.10470088  0.09723376  0.09167853]"
"[ 0.1222008   0.11772151  0.13480911  0.06639662  0.0859947   0.10113471
  0.07730619  0.1026216   0.09040836  0.1014064 ]"
"[ 0.12063308  0.13249124  0.14318667  0.06834644  0.08175479  0.09188185
  0.06823196  0.10580904  0.1008025   0.08686242]"
"[ 0.10227016  0.11113481  0.11082488  0.08366386  0.09742739  0.10514031
  0.09066852  0.10750443  0.09495224  0.0964134 ]"
"[ 0.11481185  0.13013689  0.13508077  0.07101648  0.08510453  0.09702992
  0.07250813  0.10686396  0.10192855  0.08551893]"
"[ 0.12437778  0.1158171   0.1363701   0.06464287  0.08517669  0.10155498
  0.07784075  0.10145507  0.08807458  0.10469008]"
"[ 0.12838046  0.11587772  0.13979938  0.06271475  0.08395684  0.09976489
  0.07543021  0.10052164  0.08690539  0.10664872]"
"[ 0.10685654  0.11346169  0.11688863  0.0786508   0.09429077  0.10484078
  0.08727536  0.10644926  0.09434897  0.09693719]"
"[ 0.11731402  0.11238702  0.12630923  0.07018611  0.08988844  0.1042622
  0.08315251  0.1030608   0.08872467  0.10471501]"
"[ 0.11228854  0.1101718   0.12062586  0.07405819  0.09255095  0.10533061
  0.08735234  0.10402587  0.08946025  0.10413557]"
"[ 0.11912037  0.11292762  0.12941198  0.06826457  0.0880018   0.10413141
  0.08257149  0.10237952  0.08773506  0.10545619]"
"[ 0.13615618  0.11990628  0.15231676  0.05867901  0.0786551   0.09314319
  0.06934362  0.09902556  0.08660093  0.10617337]"
"[ 0.1254552   0.11600858  0.13713299  0.06425494  0.08501187  0.10093404
  0.07692575  0.10130437  0.08799413  0.10497814]"
"[ 0.10573032  0.11766183  0.11779522  0.07928231  0.09362843  0.10395597
  0.08462905  0.10763138  0.09782262  0.09186286]"
"[ 0.1339179   0.11905202  0.14964543  0.0591109   0.07957262  0.09561586
  0.07128343  0.09925354  0.08666228  0.10588601]"
"[ 0.11343227  0.14194444  0.14142136  0.07379277  0.08157956  0.08670581
  0.06489538  0.10928494  0.11114334  0.07580012]"
"[ 0.11671041  0.13580521  0.13897473  0.07254196  0.08372601  0.08976227
  0.06661739  0.1080024   0.10585402  0.08200559]"
"[ 0.11968759  0.11711324  0.13205849  0.0679329   0.08711803  0.10222117
  0.0790442   0.1031796   0.09092258  0.10072219]"
"[ 0.12078875  0.13471879  0.14143847  0.07216886  0.08324021  0.08669043
  0.06466944  0.10736398  0.10360125  0.08531981]"
"[ 0.1248858   0.11460062  0.13647055  0.06407635  0.08503874  0.10206514
  0.07860607  0.1009555   0.08697308  0.10632815]"
"[ 0.12805819  0.12324409  0.14559497  0.06288506  0.08130535  0.09542069
  0.07110847  0.10189841  0.09178404  0.09870072]"
"[ 0.12482117  0.1201189   0.13830704  0.0654233   0.08466463  0.09857158
  0.07403198  0.10257571  0.09117138  0.10031433]"
"[ 0.10721804  0.13703123  0.12865767  0.07792697  0.08755701  0.09416752
  0.06976695  0.1105999   0.11128246  0.07579225]"
"[ 0.11264092  0.11240393  0.12217964  0.07359822  0.09174855  0.10483532
  0.08557929  0.10439336  0.09080371  0.10181708]"
"[ 0.12945572  0.12388442  0.14614597  0.06343521  0.08146403  0.09319522
  0.06928019  0.1021105   0.09215818  0.09887057]"
"[ 0.12108617  0.11013205  0.12967155  0.06687831  0.08805607  0.10449893
  0.08347459  0.10118195  0.08542134  0.10959905]"
"[ 0.12389154  0.1305378   0.14458275  0.06737789  0.08181792  0.09053241
  0.0673719   0.10495332  0.09893349  0.09000097]"
"[ 0.12371824  0.12805897  0.14326817  0.06634388  0.0822615   0.09353488
  0.06951958  0.10426859  0.09701672  0.09200946]"
"[ 0.12378853  0.12522886  0.1402718   0.06674007  0.08384703  0.09526941
  0.07086403  0.1040021   0.09529974  0.09468843]"
"[ 0.10280465  0.11639659  0.11359225  0.08258269  0.09595505  0.10416654
  0.0862495   0.10844841  0.0987092   0.09109513]"
"[ 0.11451451  0.14964447  0.14714284  0.08383444  0.0779401   0.06962749
  0.05717131  0.11207531  0.11405444  0.0739951 ]"
"[ 0.12754868  0.11774326  0.14075726  0.06291164  0.08340233  0.09930933
  0.07487329  0.10099804  0.08829907  0.1041571 ]"
"[ 0.13032013  0.13155852  0.15361974  0.06580228  0.07822116  0.08333576
  0.06355608  0.10372793  0.09689683  0.09296157]"
"[ 0.10266736  0.10739094  0.10908108  0.08385811  0.09871024  0.10556706
  0.09305161  0.1066201   0.09236999  0.1006835 ]"
"[ 0.10513804  0.11048047  0.11355675  0.08068815  0.09612762  0.10529701
  0.09010223  0.10640373  0.09320879  0.0989972 ]"
"[ 0.12391539  0.13999186  0.15101118  0.07418336  0.07847328  0.07583535
  0.05980946  0.10782036  0.10469904  0.08426073]"
"[ 0.13133025  0.12502582  0.1471028   0.06450524  0.08106007  0.09024998
  0.06691987  0.10246428  0.09164071  0.09970098]"
"[ 0.10390256  0.12156206  0.11788853  0.08050697  0.09326728  0.10300604
  0.08256091  0.1088859   0.10147648  0.08694326]"
"[ 0.12474666  0.11689757  0.13692249  0.06476129  0.08512317  0.10068638
  0.07663268  0.1017139   0.08890141  0.10361447]"
"[ 0.10060036  0.10701937  0.10693646  0.08604834  0.09992098  0.10533731
  0.0941445   0.10719162  0.09333097  0.09947008]"
"[ 0.12515643  0.11730374  0.13840632  0.06401347  0.08423294  0.10067616
  0.07658678  0.10146566  0.08870701  0.10345148]"
"[ 0.13463598  0.12129964  0.15153499  0.05969215  0.07901261  0.09281806
  0.0691115   0.09978507  0.08811147  0.10399852]"
"[ 0.11383618  0.13070618  0.13396135  0.07196927  0.08564445  0.0967838
  0.07230567  0.10734384  0.10298128  0.08446798]"
"[ 0.10986508  0.10884983  0.11729392  0.07647343  0.09425652  0.1056432
  0.08926138  0.10455703  0.08965233  0.10414728]"
"[ 0.10004194  0.11386033  0.10986702  0.08563788  0.09770821  0.10462739
  0.08946551  0.10877725  0.09800691  0.09200756]"
"[ 0.11677037  0.12196458  0.13207652  0.06975694  0.08693359  0.10087817
  0.07711511  0.10492919  0.09552024  0.09405528]"
"[ 0.12032658  0.11326985  0.13023215  0.06770346  0.08790477  0.10357515
  0.08136497  0.10223361  0.08784591  0.10554356]"
"[ 0.10626696  0.12118737  0.12010706  0.07842652  0.09235401  0.10292808
  0.08184113  0.10809975  0.10008296  0.08870615]"
"[ 0.0961994   0.12915265  0.11354823  0.08670286  0.09422503  0.10108365
  0.08005675  0.11236373  0.11110896  0.07555873]"
"[ 0.12726317  0.11539641  0.13880904  0.06301512  0.0841957   0.10071688
  0.07657764  0.10059452  0.08675834  0.1066732 ]"
"[ 0.12153427  0.12401652  0.13900936  0.06636438  0.08385905  0.09825154
  0.07378251  0.10379661  0.09481121  0.09457455]"
"[ 0.11433953  0.11427579  0.12508311  0.07199022  0.09025812  0.10422543
  0.08358974  0.10421106  0.09120616  0.10082084]"
"[ 0.11465377  0.11743417  0.12647266  0.07197768  0.08980387  0.10298139
  0.08075777  0.10490986  0.09356017  0.09744867]"
"[ 0.1264336   0.12161264  0.14051256  0.06504549  0.08384331  0.09659043
  0.07200305  0.10259309  0.09167449  0.09969134]"
"[ 0.11863426  0.13337577  0.13869502  0.07186021  0.08437179  0.09020882
  0.06690784  0.10733853  0.10374952  0.08485826]"
"[ 0.11381248  0.13383686  0.13302697  0.0747466   0.08659568  0.09264858
  0.06851422  0.10873758  0.10616284  0.08191818]"
"[ 0.13794635  0.11650357  0.15014638  0.05818961  0.07971119  0.09439617
  0.07011526  0.09814177  0.08398992  0.11085978]"
"[ 0.11153461  0.11118735  0.12010479  0.07482815  0.09291988  0.10507979
  0.08672049  0.10456136  0.09064977  0.10241381]"
"[ 0.12510605  0.11178695  0.13467738  0.06405596  0.08584295  0.10309669
  0.08031218  0.10033509  0.08503478  0.10975197]"
"[ 0.11044386  0.11958251  0.12374699  0.07491953  0.09078886  0.10300182
  0.0813451   0.10649601  0.09687005  0.09280528]"
"[ 0.10761974  0.11986698  0.12104297  0.07722232  0.0919722   0.10324829
  0.08236818  0.10739864  0.09845152  0.09080916]"
"[ 0.13227752  0.11509672  0.14432386  0.05986619  0.0817533   0.09903215
  0.07450057  0.0989755   0.08464157  0.10953262]"
"[ 0.10727382  0.11805864  0.11924373  0.07805311  0.09306576  0.10369603
  0.08347367  0.10730019  0.09746136  0.09237369]"
"[ 0.09968174  0.14389645  0.1245132   0.08275065  0.08782524  0.09265208
  0.06841946  0.11330991  0.12004403  0.06690723]"
"[ 0.09841922  0.14756999  0.12534736  0.08361543  0.08685048  0.09020434
  0.06647019  0.11400623  0.12366545  0.06385131]"
"[ 0.13089953  0.11716544  0.14283505  0.06175688  0.08277991  0.0977254
  0.07310837  0.10023361  0.08691362  0.10658219]"
"[ 0.11750116  0.11826062  0.13012653  0.06967711  0.08805837  0.10215988
  0.07905154  0.1041502   0.09277136  0.09824324]"
"[ 0.11102178  0.1224744   0.12598308  0.0742252   0.08957706  0.10190697
  0.07911841  0.10681874  0.0985166   0.09035776]"
"[ 0.10092577  0.13641537  0.12224885  0.08158715  0.08968735  0.09744335
  0.07333117  0.11193373  0.1136089   0.07281837]"
"[ 0.10505346  0.1264482   0.12167832  0.07886175  0.0911772   0.10123442
  0.07867657  0.10929754  0.10443154  0.083141  ]"
"[ 0.12495875  0.11799804  0.13755774  0.06488391  0.08490069  0.09992664
  0.07564045  0.10196393  0.08959282  0.10257703]"
"[ 0.11992312  0.11704347  0.13167978  0.06815285  0.08744079  0.10201346
  0.07866326  0.10324448  0.09091086  0.10092793]"
"[ 0.11288799  0.1154829   0.12393758  0.07332845  0.09080044  0.10402171
  0.0831972   0.10498705  0.09265729  0.09869938]"
"[ 0.11959118  0.13767323  0.14606129  0.07021846  0.0805148   0.08621176
  0.06491857  0.10709303  0.10576434  0.08195334]"
"[ 0.1346364   0.12538294  0.15114497  0.06371311  0.07988773  0.08630934
  0.06471688  0.10188916  0.09170408  0.10061539]"
"[ 0.13331527  0.13040486  0.15521206  0.06567313  0.07769827  0.08131282
  0.06241759  0.103169    0.09473415  0.09606285]"
"[ 0.12750156  0.13605258  0.15108455  0.07128393  0.07873237  0.07894785
  0.06088621  0.1062551   0.09988224  0.08937363]"
"[ 0.12918292  0.11616022  0.14193167  0.06155573  0.08276325  0.09975215
  0.07538839  0.10005348  0.08647798  0.10673421]"
"[ 0.11111798  0.13460504  0.1329069   0.07415716  0.0858057   0.09502724
  0.07058927  0.10881419  0.10718317  0.07979337]"
"[ 0.12618761  0.12976382  0.14761499  0.06556005  0.08037734  0.09028691
  0.0673015   0.10396152  0.09693707  0.09200921]"
"[ 0.13528561  0.11702511  0.14869939  0.05877713  0.08009316  0.09602035
  0.07156211  0.09867522  0.08500642  0.10885549]"
"[ 0.10734895  0.10975448  0.11514645  0.0787715   0.09543135  0.10545384
  0.08955121  0.10558933  0.0916599   0.10129297]"
"[ 0.12914912  0.12548196  0.14280353  0.06721786  0.08363953  0.08964703
  0.06640915  0.10377406  0.09418248  0.09769528]"
"[ 0.1293326   0.11763114  0.14200512  0.06229009  0.08302096  0.09836661
  0.07380145  0.10062917  0.08770215  0.10522071]"
"[ 0.11342642  0.12494571  0.12586004  0.07548299  0.09079761  0.09833422
  0.07386073  0.10765019  0.10042043  0.08922165]"
"[ 0.11873687  0.11615785  0.13045021  0.06866044  0.08785811  0.10281723
  0.08012052  0.10328718  0.090675    0.1012366 ]"
"[ 0.12095851  0.1277614   0.13920183  0.06827365  0.08394045  0.09516577
  0.07072023  0.10513488  0.09782999  0.09101329]"
"[ 0.12173589  0.12930471  0.14197598  0.06741839  0.08266306  0.09373547
  0.06965827  0.10499151  0.09865347  0.08986325]"
"[ 0.14370128  0.11843845  0.15873873  0.05644174  0.07631504  0.08818163
  0.06598234  0.09713177  0.08334403  0.111725  ]"
"[ 0.13261744  0.13023511  0.155656    0.06436412  0.07718405  0.08351278
  0.06364301  0.10277666  0.09430672  0.09570411]"
"[ 0.12548645  0.13021073  0.14681265  0.06622983  0.08087675  0.08990124
  0.06708144  0.10434031  0.0979883   0.0910723 ]"
"[ 0.1090419   0.14616892  0.13906238  0.07681256  0.08191553  0.08493871
  0.06379966  0.11098581  0.11675373  0.07052079]"
"[ 0.12403272  0.11823854  0.13623056  0.06578236  0.08561575  0.09995051
  0.07564898  0.10241252  0.09028662  0.10180144]"
"[ 0.12845801  0.11799128  0.14213964  0.06227269  0.08275637  0.09885828
  0.07438076  0.1007311   0.0880415   0.10437038]"
"[ 0.11554342  0.12020696  0.12777265  0.07209216  0.08941665  0.1013041
  0.07774065  0.10549073  0.09527828  0.09515442]"
"[ 0.11914169  0.12218678  0.13403672  0.06865478  0.08630882  0.09973311
  0.07549249  0.10446802  0.09486855  0.09510903]"
"[ 0.11126529  0.11839919  0.12336938  0.07471424  0.09122789  0.10312486
  0.0814496   0.10616835  0.09585752  0.09442369]"
"[ 0.09640091  0.11177061  0.10531822  0.08980871  0.10026174  0.1044701
  0.09234069  0.10949481  0.0988203   0.09131392]"
"[ 0.12237823  0.12233181  0.13433536  0.0690991   0.08704756  0.09687735
  0.07217873  0.10449511  0.09442471  0.09683203]"
"[ 0.12050364  0.11823066  0.13372412  0.06725867  0.08636368  0.10154366
  0.07795281  0.10312262  0.09137844  0.09992169]"
"[ 0.09722735  0.1362315   0.11803945  0.0848467   0.09121137  0.09840413
  0.07488705  0.11298331  0.11516336  0.07100578]"
"[ 0.10831124  0.11101017  0.11705971  0.07761071  0.09422733  0.10532837
  0.08848645  0.10548532  0.09176685  0.10071386]"
"[ 0.10955021  0.11389416  0.11986102  0.07615806  0.09279453  0.104698
  0.08586274  0.10567589  0.09324214  0.09826325]"
"[ 0.11206504  0.10905797  0.11976357  0.07442226  0.09286037  0.10562638
  0.08830134  0.1038592   0.08853058  0.10551328]"
"[ 0.12599626  0.13122907  0.14872223  0.06596607  0.08001597  0.08855278
  0.06632814  0.10430147  0.09844824  0.09043977]"
"[ 0.11344142  0.12789504  0.13233782  0.07173766  0.08637144  0.0989625
  0.07469511  0.10683692  0.10106131  0.08666077]"
"[ 0.1066441   0.12768516  0.1221616   0.07892458  0.09146822  0.09970128
  0.07597248  0.10951188  0.10499816  0.08293254]"
"[ 0.09970209  0.10923469  0.10747473  0.08653791  0.0992745   0.10511074
  0.09314817  0.10789737  0.09508277  0.09653703]"
"[ 0.09874453  0.11721999  0.11017288  0.08637274  0.09739274  0.103919
  0.08739746  0.10980594  0.10139419  0.08758053]"
"[ 0.10803709  0.11514562  0.11882958  0.07746142  0.09332452  0.1044345
  0.08547026  0.10643579  0.09497919  0.09588203]"
"[ 0.10184814  0.14662613  0.12956864  0.08075102  0.08523049  0.08988262
  0.06631861  0.11285941  0.12047571  0.06643922]"
"[ 0.11120216  0.12135979  0.12305649  0.07592834  0.09181559  0.10140152
  0.07819448  0.10721114  0.09852122  0.09130927]"
"[ 0.13975652  0.11930561  0.15382214  0.05863623  0.07849766  0.09000341
  0.06702874  0.09859398  0.08551166  0.10884406]"
"[ 0.1412231   0.11836716  0.156758    0.05651004  0.07692462  0.09083332
  0.06770614  0.09741591  0.08393991  0.11032179]"
"[ 0.10818308  0.11925942  0.12072459  0.07719255  0.09233972  0.10325056
  0.08218757  0.10725691  0.09788252  0.09172309]"
"[ 0.12895557  0.12097638  0.14341743  0.06322738  0.08257149  0.09595537
  0.07148265  0.10161291  0.09026771  0.1015331 ]"
"[ 0.10931064  0.11053601  0.1174878   0.07691689  0.09415141  0.10536927
  0.08817412  0.10513485  0.09107737  0.10184164]"
"[ 0.1082311   0.13452415  0.13005643  0.07560376  0.08674201  0.09662519
  0.07215016  0.10944157  0.10833281  0.07829282]"
"[ 0.11987652  0.11146303  0.12926971  0.06768569  0.08834367  0.10425752
  0.08309574  0.10184767  0.08699052  0.10716994]"
"[ 0.140374    0.12310201  0.15898349  0.05927415  0.07627438  0.08523098
  0.06451328  0.0992001   0.08739099  0.10565662]"
"[ 0.11820313  0.10987466  0.12654314  0.06909412  0.08965108  0.10490482
  0.08494447  0.10204861  0.08664797  0.10808801]"
"[ 0.11043633  0.11650658  0.12006883  0.07650923  0.09330426  0.10349316
  0.08220329  0.10640935  0.0952882   0.09578077]"
"[ 0.13080419  0.12736262  0.15132901  0.06320201  0.07921254  0.08891953
  0.06658828  0.1023361   0.09392259  0.09632312]"
"[ 0.13155833  0.11679805  0.14502917  0.06025247  0.08138444  0.09843094
  0.07386385  0.09948704  0.08585784  0.10733787]"
"[ 0.10027293  0.10818956  0.10762902  0.08603376  0.09918303  0.10527959
  0.09382096  0.10746699  0.09394191  0.09818223]"
"[ 0.13072707  0.13376333  0.15019895  0.07164608  0.07948992  0.07801709
  0.05983818  0.10579765  0.09699734  0.0935244 ]"
"[ 0.13226359  0.13102347  0.15318875  0.06722817  0.07875082  0.08067695
  0.06191828  0.10392396  0.09607276  0.09495326]"
"[ 0.11943607  0.132616    0.14041112  0.0701446   0.08332365  0.09145551
  0.06784757  0.10658096  0.10220744  0.08597708]"
"[ 0.13729091  0.11810037  0.15234256  0.05772012  0.07845837  0.09424341
  0.07010423  0.09823364  0.08472445  0.10878195]"
"[ 0.10482097  0.10958582  0.1127731   0.08111608  0.09656934  0.10540825
  0.09088507  0.10631709  0.09275212  0.09977216]"
"[ 0.10797865  0.11621031  0.11846794  0.07800638  0.09363003  0.10410004
  0.0841912   0.10686111  0.09576833  0.09478602]"
"[ 0.11889973  0.13234165  0.14165883  0.06857811  0.08237392  0.09328206
  0.06932284  0.10603265  0.10179287  0.08571734]"
"[ 0.12377244  0.11332758  0.13438228  0.0648826   0.08599666  0.10284926
  0.07994589  0.10105117  0.0866115   0.10718064]"
"[ 0.10800227  0.11514402  0.11821567  0.07791037  0.09375351  0.10435469
  0.08511354  0.10658609  0.09502608  0.09589377]"
"[ 0.11554684  0.11374382  0.12590158  0.07116391  0.08982214  0.10426901
  0.08339991  0.10375106  0.09012675  0.10227497]"
"[ 0.10517619  0.11105408  0.11387356  0.08061431  0.09589179  0.10524848
  0.08968074  0.10651532  0.09347862  0.0984669 ]"
"[ 0.12420367  0.12161565  0.13817242  0.06620855  0.08485746  0.09763235
  0.07305093  0.10318555  0.09267009  0.09840333]"
"[ 0.1269397   0.11469584  0.13852012  0.06286189  0.08421069  0.10132401
  0.07745203  0.10040535  0.08633867  0.10725171]"
"[ 0.12647334  0.11930133  0.13996663  0.06409883  0.08390241  0.0985326
  0.07400114  0.1018213   0.08994085  0.10196157]"
"[ 0.10260315  0.10701984  0.10891444  0.08397696  0.09868797  0.1056404
  0.09346617  0.10654176  0.09193422  0.10121508]"
"[ 0.10715509  0.11392347  0.11737165  0.07838815  0.09398109  0.1047909
  0.08681357  0.10645938  0.0943807   0.09673599]"
"[ 0.09516908  0.15081091  0.12199209  0.08773813  0.08782077  0.08764606
  0.06449395  0.11561484  0.12850575  0.06020842]"
"[ 0.12802657  0.13175848  0.14304281  0.07280788  0.08358993  0.0816679
  0.06119649  0.10647444  0.09897062  0.09246488]"
"[ 0.11701801  0.11636758  0.12724103  0.07093     0.08979586  0.10261704
  0.07982193  0.10424661  0.09204826  0.09991369]"
"[ 0.1085303   0.11336389  0.11843349  0.07717425  0.09358967  0.10480672
  0.0865754   0.10591883  0.09350522  0.09810223]"
"[ 0.11621971  0.1140083   0.12597528  0.07102021  0.0901799   0.10382588
  0.0823654   0.10378002  0.09057109  0.1020542 ]"
"[ 0.10880976  0.1144437   0.11934751  0.07687706  0.09288432  0.10468623
  0.0858194   0.10603614  0.09367179  0.09742409]"
"[ 0.10268099  0.14653586  0.12787375  0.08343774  0.08679475  0.08682184
  0.06417553  0.11355608  0.12121111  0.06691233]"
"[ 0.10977366  0.12836824  0.12810014  0.07473925  0.08817231  0.09961979
